0: 8 11
1: 20 49 | 54 49
2: 5 54 | 96 20
3: 80 20 | 99 54
4: 99 20 | 57 54
5: 20 9 | 54 12
6: 20 49
7: 54 80 | 20 99
8: 42
9: 54 54 | 20 20
10: 20 95 | 54 128
11: 42 31
12: 20 20
13: 54 20 | 54 54
14: 20 101 | 54 96
15: 124 54 | 73 20
16: 54 79 | 20 90
17: 54 61 | 20 78
18: 16 20 | 121 54
19: 106 20 | 125 54
20: "b"
21: 20 49 | 54 9
22: 80 54 | 99 20
23: 112 54 | 67 20
24: 12 20 | 38 54
25: 20 13
26: 54 74 | 20 94
27: 54 41 | 20 105
28: 54 55 | 20 116
29: 110 20 | 20 54
30: 111 54 | 36 20
31: 54 71 | 20 15
32: 118 20 | 26 54
33: 20 20 | 20 54
34: 12 54 | 13 20
35: 54 81 | 20 46
36: 20 6 | 54 93
37: 99 54 | 63 20
38: 54 110 | 20 20
39: 20 25 | 54 97
40: 54 127 | 20 49
41: 20 68 | 54 125
42: 72 54 | 62 20
43: 54 104 | 20 6
44: 54 12 | 20 63
45: 54 50 | 20 98
46: 54 20 | 110 54
47: 63 20 | 81 54
48: 99 54 | 57 20
49: 20 54
50: 54 89 | 20 34
51: 54 90 | 20 83
52: 54 43 | 20 69
53: 20 46 | 54 38
54: "a"
55: 126 20 | 107 54
56: 113 54 | 114 20
57: 54 20
58: 12 54 | 12 20
59: 40 54 | 87 20
60: 20 70 | 54 45
61: 20 76 | 54 25
62: 54 123 | 20 65
63: 110 110
64: 49 20 | 13 54
65: 20 56 | 54 102
66: 115 54 | 112 20
67: 110 80
68: 127 20 | 99 54
69: 129 20 | 7 54
70: 20 122 | 54 131
71: 54 28 | 20 32
72: 54 60 | 20 75
73: 20 27 | 54 52
74: 120 54 | 48 20
75: 92 20 | 103 54
76: 12 20
77: 9 54 | 63 20
78: 82 54 | 132 20
79: 20 29 | 54 49
80: 20 54 | 54 20
81: 54 54
82: 54 9 | 20 29
83: 20 33 | 54 38
84: 38 20 | 33 54
85: 20 68 | 54 109
86: 117 20 | 24 54
87: 54 99 | 20 46
88: 20 63 | 54 13
89: 54 29 | 20 38
90: 38 54 | 63 20
91: 57 54
92: 54 10 | 20 14
93: 110 29
94: 54 64 | 20 21
95: 54 80 | 20 81
96: 20 81 | 54 81
97: 20 46
98: 54 88 | 20 130
99: 20 110 | 54 54
100: 9 20 | 46 54
101: 81 20
102: 108 20 | 23 54
103: 54 2 | 20 51
104: 33 20 | 46 54
105: 20 125 | 54 1
106: 81 54 | 33 20
107: 58 20 | 3 54
108: 20 77 | 54 88
109: 63 20 | 127 54
110: 20 | 54
111: 40 20 | 47 54
112: 54 33 | 20 81
113: 91 20 | 35 54
114: 87 20 | 88 54
115: 57 54 | 57 20
116: 20 19 | 54 66
117: 20 12 | 54 33
118: 59 54 | 85 20
119: 54 39 | 20 86
120: 12 54 | 80 20
121: 24 54 | 44 20
122: 20 22 | 54 84
123: 54 17 | 20 119
124: 18 20 | 30 54
125: 29 54 | 12 20
126: 37 54 | 53 20
127: 20 54 | 54 54
128: 38 20 | 29 54
129: 20 81 | 54 49
130: 20 57 | 54 38
131: 4 20 | 100 54
132: 80 20 | 46 54
