(147,155,-1150)
(-1111,-15,-1172)
(84,-12,-2408)
(152,57,-3678)
(140,1336,-2439)
(73,2415,-2429)
(130,2535,-3661)
(-1166,2471,-3551)
(-7,2465,-4812)
(-1230,1218,-4909)
(61,1318,-4788)
(1189,1325,-4821)
(1176,1237,-5981)
(1182,2551,-6086)
(-1172,1211,-2375)
(-2296,1210,-2351)
(91,1367,-3627)
(-1069,1334,-1335)
(-1125,2470,-1239)
(-1041,3750,-2376)
(-1168,4811,-2507)
(-2300,2420,-1172)
(-1061,3690,-1300)
(37,3619,-1177)
(86,4852,-1290)
(10,4959,1)
(51,6081,-1202)
(139,7342,-1144)
(-1201,6159,-1249)
(4,6024,-123)
(25,-1081,-3562)
(40,-2227,-3679)
(39,-3432,-3735)
(-1133,-2226,-3620)
(-2428,-2405,-3634)
(43,-2315,-2539)
(30,2407,-5973)
(-1091,4964,-52)
(-2393,4828,-81)
